1000 10
974 21 8 98
1208 29 9 67
668 35 6 45
232 2 6 76
76 27 5 74
1375 15 1 97
123 17 9 40
368 8 8 48
121 26 6 53
313 57 5 52
852 16 4 23
904 50 9 50
1064 18 9 61
1125 50 9 64
446 24 2 89
391 51 10 1
1439 7 6 3
383 55 7 36
351 11 6 45
985 45 9 98
363 49 7 86
970 45 1 78
950 24 9 99
881 48 8 8
1302 35 8 58
1439 56 3 14
199 42 6 12
887 29 4 5
1325 24 2 53
813 18 10 80
710 3 9 3
968 49 9 22
924 36 2 35
483 8 8 51
469 21 9 12
685 5 3 86
820 58 2 50
734 17 1 27
410 15 2 31
1164 7 3 65
254 44 1 38
842 5 7 18
272 33 7 21
1188 21 1 67
1340 15 9 63
831 24 4 93
652 9 1 64
275 7 7 41
67 17 6 95
1271 14 1 21
236 51 7 82
737 8 8 54
1072 30 9 27
687 27 9 52
1346 60 8 65
471 22 1 79
1398 11 6 34
1208 13 7 41
400 38 2 15
1186 12 3 92
636 28 6 56
387 19 8 13
250 8 6 74
495 30 9 70
1171 37 6 72
1136 2 2 41
113 48 6 36
73 55 10 82
832 35 7 38
1345 5 2 67
106 26 2 32
419 38 4 23
278 34 1 49
163 16 2 45
184 43 1 58
983 9 4 48
892 48 10 86
216 42 5 28
382 57 1 69
1253 1 9 44
221 19 6 46
820 58 6 15
217 6 7 79
900 31 4 68
1405 45 10 79
214 18 4 70
1088 18 2 25
760 4 1 52
1186 24 8 8
253 51 5 17
589 44 2 20
567 17 10 7
205 48 7 100
1259 44 9 83
187 13 9 32
521 27 4 23
917 13 9 8
1329 49 6 28
710 54 6 33
514 28 3 39
917 27 4 70
178 8 1 99
1225 9 10 86
1340 18 10 37
1273 7 5 36
401 4 6 86
727 9 9 30
158 44 7 44
106 26 2 18
703 5 7 85
1000 27 4 89
308 30 10 13
802 32 7 7
419 2 1 61
1199 10 2 60
1073 41 4 96
1110 26 7 23
1333 20 7 20
1341 34 6 93
103 42 3 36
779 20 7 36
1369 39 8 37
1270 34 5 18
714 14 7 65
276 34 5 59
827 26 3 43
361 6 3 84
1331 15 4 61
370 54 8 22
1341 44 10 22
1050 55 6 78
1183 43 5 55
1430 44 10 99
1103 20 8 84
192 59 9 59
352 17 10 25
1118 33 9 63
950 55 1 18
418 50 2 81
344 5 1 5
1414 30 4 67
343 5 1 47
435 59 1 63
248 18 9 49
822 25 4 21
1039 19 10 89
428 54 7 44
708 49 1 33
116 4 8 12
299 45 6 51
938 23 1 47
385 42 8 69
1373 16 4 75
531 25 2 31
1252 43 9 11
1318 24 1 32
200 5 7 47
654 10 2 70
175 31 10 78
910 20 7 11
921 21 6 30
963 30 9 75
228 28 1 42
745 3 4 84
570 39 8 17
245 3 7 73
1176 14 2 30
1231 56 7 97
858 46 7 96
971 33 4 4
1078 47 5 87
340 29 3 68
1273 12 3 20
1112 52 8 46
150 2 8 36
1248 7 3 87
141 9 4 46
1162 58 3 32
117 34 2 96
934 54 3 57
677 27 7 99
62 42 4 44
1366 55 3 92
935 56 7 84
937 23 10 100
277 4 4 80
457 42 8 86
25 46 9 66
252 14 6 82
725 4 3 92
231 19 7 54
973 16 5 29
494 39 7 56
1083 14 1 88
1214 11 9 85
477 49 9 55
417 10 7 31
139 7 4 47
317 40 1 54
695 45 7 9
303 52 7 75
885 44 6 11
399 37 9 42
1229 31 5 19
227 36 7 30
859 26 9 24
683 47 1 42
210 9 10 95
740 13 9 33
152 26 1 79
755 56 5 91
309 39 1 85
222 29 4 53
264 29 3 62
567 51 5 100
1101 36 3 42
899 21 8 20
1015 32 2 5
1020 43 4 92
51 33 5 60
899 58 6 35
100 26 10 47
994 11 3 34
694 50 6 46
172 12 7 25
661 45 4 14
1256 16 7 25
751 13 3 61
504 54 9 44
9 36 10 61
910 52 8 56
1185 53 5 26
752 51 7 66
516 39 5 87
283 19 6 80
693 16 4 28
1218 24 9 50
948 47 5 33
1369 44 4 14
198 38 5 96
123 46 7 89
1342 39 9 15
1005 25 1 36
696 9 4 44
707 12 8 29
361 41 8 32
536 3 6 20
1266 21 8 35
835 16 2 35
184 32 8 80
596 9 7 5
922 59 8 10
38 57 2 62
531 43 4 59
117 43 4 56
143 46 9 27
4 39 5 13
489 19 6 1
883 19 6 26
681 56 9 63
1286 37 3 97
315 22 2 23
573 22 4 1
987 3 5 98
709 47 5 50
1419 2 5 86
507 11 7 9
1024 21 2 74
462 39 7 31
1147 40 10 100
987 12 6 53
1043 46 8 33
1293 44 3 54
962 35 9 81
80 56 6 76
686 43 8 91
1436 52 2 27
815 48 1 25
443 27 9 91
1401 48 6 30
580 1 8 53
1341 14 4 83
470 36 6 70
455 32 10 21
865 27 7 25
1026 1 10 22
362 43 10 51
741 35 8 81
255 2 6 81
680 32 1 58
270 43 5 13
294 57 10 85
1383 24 4 42
214 41 1 58
1285 26 3 95
629 15 2 40
1196 42 5 79
252 14 6 81
543 18 9 79
354 32 5 44
341 24 10 49
421 35 2 42
964 15 4 39
409 31 2 4
193 57 10 34
1155 33 4 85
582 28 6 68
1042 47 5 17
309 59 5 4
89 11 8 80
240 37 1 78
660 3 1 97
718 11 10 50
368 49 8 3
962 35 9 49
944 55 7 82
975 45 9 42
1308 13 7 87
1375 1 5 58
1412 38 1 82
147 52 7 92
24 19 6 75
534 2 7 19
1096 10 6 30
515 48 1 59
693 32 3 53
1364 45 1 17
1428 5 8 36
1310 39 5 14
877 43 8 58
530 44 3 17
590 51 1 63
1119 15 5 39
398 54 8 93
1328 44 1 79
1431 34 6 61
1046 21 3 33
1201 5 3 13
599 54 9 89
291 39 9 37
967 49 3 32
123 19 1 81
1029 12 1 22
1247 6 9 78
266 53 8 56
575 25 4 39
197 11 9 55
796 60 10 24
217 42 10 41
160 13 7 75
792 16 7 34
785 59 9 90
873 19 1 44
490 22 8 99
852 22 8 94
251 24 10 37
493 55 6 14
729 42 3 98
1377 34 9 59
1216 14 4 77
809 9 1 72
1336 46 6 80
794 56 8 60
1129 49 8 51
1239 32 4 22
512 51 2 34
559 39 2 27
1389 12 3 64
830 25 7 3
290 7 3 46
891 29 10 89
1195 23 5 40
85 8 5 49
69 38 2 29
83 25 10 46
1279 51 6 100
497 24 6 54
789 34 5 1
1112 6 6 26
1155 29 6 94
473 55 9 36
1157 56 3 26
1430 46 6 69
28 8 10 40
934 48 10 13
1351 51 10 3
706 22 2 92
610 3 4 81
546 55 4 42
456 38 3 65
1153 15 8 79
171 31 5 3
518 33 7 2
884 52 6 78
551 54 3 5
62 21 2 6
525 47 4 53
167 43 3 82
1101 46 3 25
820 3 5 90
790 35 3 4
606 30 3 79
128 37 2 65
292 36 10 28
586 18 2 36
1024 50 4 36
975 9 9 8
1329 5 10 43
286 5 4 48
433 27 9 90
1156 32 9 57
575 2 5 5
108 35 1 1
1416 46 10 92
836 44 7 52
1157 25 7 3
1271 44 1 54
1371 60 3 6
101 28 5 92
1084 42 4 93
1344 10 7 76
151 1 7 67
756 37 10 68
88 25 6 99
89 24 3 13
564 17 2 47
361 46 5 90
280 42 5 100
427 20 1 82
412 25 9 92
488 15 1 45
1085 51 4 7
1269 31 2 79
233 50 2 96
1259 42 9 62
445 17 5 74
875 17 2 99
756 33 1 38
1154 22 7 64
1357 36 8 51
1212 3 1 11
285 26 4 31
227 22 10 49
500 27 3 71
455 3 1 51
1073 43 8 15
1300 25 2 19
1358 57 3 72
1073 38 7 15
1257 16 9 20
866 51 8 21
1384 52 4 98
528 14 1 26
276 44 2 24
71 57 1 80
603 17 9 31
257 47 2 73
885 44 6 57
378 5 6 47
197 42 9 10
152 21 9 60
962 16 3 3
583 30 7 60
1040 59 4 83
1326 56 2 54
971 2 7 46
1024 55 9 15
475 7 8 6
1215 27 3 59
278 5 9 92
1412 27 4 99
828 40 4 22
898 49 5 38
764 44 9 93
941 42 2 67
530 17 2 98
751 13 3 22
81 16 1 45
416 12 10 14
1280 34 9 52
728 13 5 88
1001 42 8 71
87 31 5 73
837 25 2 65
1186 60 9 5
1038 28 4 52
490 2 6 6
596 52 1 91
857 42 9 18
1290 11 4 84
1247 42 7 31
862 57 3 10
68 4 9 99
685 36 1 53
1386 9 4 8
529 40 5 17
959 45 1 95
320 32 6 20
1112 6 6 87
139 49 10 97
246 58 4 2
668 58 10 5
1206 31 1 27
58 59 8 81
619 58 1 73
1074 19 10 44
408 23 8 48
846 35 3 71
1429 43 1 98
1095 38 5 97
1241 46 2 97
1435 33 9 44
1229 56 6 19
656 56 7 40
1310 25 8 47
1375 8 4 91
180 30 8 92
993 39 4 65
744 19 1 50
930 7 5 43
320 31 2 60
624 47 9 41
1283 9 10 14
612 57 8 64
1335 21 8 94
740 35 7 62
870 3 7 2
800 45 1 67
900 31 4 53
483 30 5 73
903 21 2 98
172 20 1 96
850 3 9 79
1406 32 8 17
744 17 7 56
98 53 9 5
54 48 1 36
987 34 1 36
190 35 3 22
738 23 10 2
1190 49 4 27
231 39 5 63
881 38 7 7
1199 6 3 67
158 39 1 6
115 60 5 22
351 3 4 11
1207 5 2 39
797 29 8 97
1262 26 2 45
883 47 8 86
1406 31 4 41
494 28 10 84
476 37 8 88
100 34 4 12
521 57 6 55
478 11 2 69
360 40 5 77
391 37 10 100
345 34 8 21
897 39 5 98
788 40 10 21
105 25 1 63
250 34 8 35
927 31 3 64
602 4 4 65
1312 20 9 33
536 5 1 24
185 40 9 83
999 3 5 69
163 32 9 81
1206 47 3 77
1116 38 6 75
1367 59 3 93
1269 13 2 61
75 5 9 33
58 6 5 16
50 46 3 29
1205 55 3 58
890 52 1 89
1412 38 1 11
195 3 5 41
191 53 10 87
1018 51 1 46
440 55 3 68
948 52 10 84
1205 23 9 60
394 52 7 32
253 37 6 98
1204 7 9 10
852 44 6 21
441 48 8 16
447 18 9 62
87 58 1 21
43 3 9 58
471 11 8 16
609 41 5 48
863 4 10 26
729 17 9 85
246 14 7 59
1332 2 4 85
1437 13 2 6
1424 2 6 33
899 16 3 99
1121 54 3 56
961 54 9 75
180 21 1 94
894 49 10 69
718 54 6 45
1008 29 5 55
1 8 9 15
1133 34 2 86
311 45 8 66
281 9 2 60
494 44 5 17
669 13 7 19
877 14 10 73
753 13 8 18
1242 48 8 61
1040 38 8 19
346 31 4 57
812 30 10 10
503 38 10 45
532 18 8 30
805 56 8 18
899 25 10 19
950 24 7 46
28 6 9 3
1392 7 7 5
445 23 4 52
1277 22 2 15
1253 7 1 78
192 28 1 75
1248 7 5 42
324 51 7 70
521 49 3 63
822 14 9 64
288 42 1 1
920 21 6 8
420 56 5 50
258 6 8 14
61 2 7 97
736 20 10 55
1404 32 10 1
192 36 9 19
995 18 9 12
494 20 6 44
604 14 8 54
1389 20 1 83
671 28 2 79
9 33 10 36
531 3 8 16
248 32 1 58
1344 53 6 74
505 46 5 45
1360 30 4 40
1227 38 5 6
1395 16 4 74
60 32 4 88
515 28 6 38
52 10 10 7
464 60 10 41
879 56 7 59
184 52 4 84
306 23 6 37
1028 12 10 89
556 45 7 27
679 1 9 68
728 34 1 92
246 50 2 97
798 4 2 46
424 9 1 92
1418 58 1 56
514 48 8 65
1401 24 4 86
1150 30 8 82
641 37 4 53
1 18 8 20
753 57 1 97
562 17 6 58
1167 17 10 98
957 22 3 54
1250 15 9 63
712 2 9 80
645 57 3 98
1394 23 1 10
463 46 5 88
419 48 5 57
73 57 10 63
838 27 2 32
527 22 4 61
658 28 1 16
1130 31 2 52
799 8 7 14
837 23 7 72
1064 44 6 79
913 10 4 86
181 30 6 60
1086 38 6 91
641 39 8 38
744 25 8 41
834 49 4 19
1341 44 10 10
270 16 5 19
22 20 8 12
122 18 3 18
482 12 1 10
1295 9 7 73
1217 35 5 1
1125 48 4 59
820 49 7 52
751 56 4 4
756 28 8 52
1096 11 4 77
850 43 4 8
1400 29 1 46
1358 38 8 47
183 23 1 72
633 13 2 49
260 20 3 29
307 2 1 6
337 28 6 22
541 1 7 18
66 55 7 22
1153 37 4 4
937 35 7 24
1296 41 10 53
397 49 3 38
553 57 3 18
1136 56 10 85
1265 23 10 60
239 36 1 68
369 53 5 84
4 7 2 27
957 28 8 31
1273 14 2 27
275 13 1 94
1095 36 5 29
1408 5 4 58
874 13 9 16
987 30 2 7
381 42 9 7
270 29 4 94
456 16 6 70
731 5 9 54
1011 22 7 11
740 12 2 37
1087 57 2 97
779 56 1 88
595 20 3 72
503 32 7 73
1334 10 9 24
1052 12 9 68
45 53 8 87
635 42 2 36
1341 34 6 62
848 6 4 5
1017 49 10 50
1275 37 2 58
391 17 4 95
598 12 5 24
628 40 9 42
1191 27 2 41
979 8 8 36
531 16 5 35
665 45 10 46
335 56 10 34
412 33 5 37
874 57 2 26
544 37 1 61
794 41 4 7
157 19 6 21
1424 33 7 33
1322 42 1 87
1251 7 7 9
671 58 4 3
157 4 4 73
1062 48 10 37
486 24 8 94
932 7 6 16
1305 18 8 86
703 20 4 88
180 59 5 64
1196 60 3 92
1028 22 4 96
572 52 10 18
1345 11 5 26
619 28 1 18
1177 44 8 86
242 25 6 98
450 36 5 50
1090 46 6 86
439 21 10 77
944 55 7 80
1228 17 8 13
25 27 3 59
381 21 7 61
1312 21 2 67
521 27 4 99
973 21 2 24
1074 3 1 27
1281 51 3 18
903 23 3 12
102 36 8 12
1097 11 3 58
254 17 7 60
1277 51 2 84
57 3 3 43
1004 44 3 30
1234 12 6 13
1300 43 2 87
1113 57 3 90
1100 12 1 41
1402 34 7 21
212 37 8 69
1403 41 4 98
451 27 7 84
264 43 1 87
362 54 10 17
649 32 1 88
167 11 10 35
768 14 3 39
1405 35 7 60
525 36 8 46
775 44 1 67
275 7 7 80
60 50 9 82
170 34 9 80
74 10 8 27
967 38 9 18
358 36 9 9
550 44 5 56
193 14 7 87
781 12 4 89
222 41 4 76
901 56 4 34
1257 34 2 74
452 51 6 28
641 48 4 39
1140 37 1 34
797 20 6 8
497 8 5 70
483 30 3 54
1405 19 6 55
481 39 8 22
239 36 1 26
1018 25 1 40
1368 39 7 62
1308 33 2 73
526 28 3 31
113 39 2 59
1004 18 2 18
1280 58 8 34
410 26 10 71
1136 20 9 29
451 27 7 88
559 16 7 25
832 36 8 46
706 11 9 3
987 34 1 81
512 47 3 4
1080 17 2 27
341 34 8 47
1140 27 9 92
1409 48 7 96
1326 12 3 93
199 50 3 39
1011 47 3 7
659 54 8 82
1373 4 7 4
100 37 6 92
148 31 9 63
897 48 5 93
1335 32 4 78
370 43 9 21
366 37 2 85
190 22 10 21
663 34 10 25
646 47 10 21
428 39 6 67
1096 56 10 77
225 14 7 46
580 8 5 57
1282 38 2 100
816 43 4 78
445 33 4 47
841 20 3 1
262 27 10 24
1134 3 9 85
994 26 3 14
143 39 8 39
286 21 7 52
147 24 7 20
617 15 10 33
821 26 9 15
940 10 9 17
362 25 9 65
973 52 1 41
205 48 7 58
229 22 8 25
1003 36 5 14
479 49 5 96
1395 52 10 37
65 34 10 37
694 13 3 60
1120 23 5 2
34 8 6 69
883 43 1 51
45 53 8 31
410 26 10 93
243 39 10 50
94 18 7 57
1089 25 8 1
658 32 9 21
476 56 1 18
236 9 3 62
1028 52 7 66
1204 5 8 62
1355 37 5 45
821 49 8 71
1407 7 8 47
910 47 10 40
844 38 10 53
332 46 3 40
187 44 9 54
125 50 6 15
597 24 8 48
973 27 4 6
760 4 5 98
1368 5 8 36
618 52 9 67
974 16 10 25
374 24 8 2
7 29 5 56
772 58 2 2
849 39 4 92
71 10 3 42
966 52 7 62
669 19 5 40
947 48 1 52
584 34 2 94
1420 14 1 89
1307 59 6 88
593 19 6 92
1079 47 2 7
252 55 2 43
1055 11 9 98
1016 21 2 39
726 24 8 98
1003 28 9 62
228 26 7 81
37 39 6 89
404 28 8 76
925 38 8 15
992 55 10 97
1382 16 9 13
667 24 2 61
931 17 8 60
627 49 10 95
78 58 2 81
1013 35 3 99
1377 41 8 6
836 4 1 10
109 39 10 47
249 46 4 77
672 29 4 58
643 56 4 60
570 53 5 25
747 45 3 45
840 10 8 78
116 17 2 75
394 43 1 19
642 22 6 5
828 16 3 59
532 47 9 28
1062 51 7 94
244 31 4 24
522 6 7 32
15 5 1 54
1330 51 1 89
880 7 7 12
657 28 6 45
1180 31 7 66
1379 59 6 65
389 14 9 44
1080 1 1 21
856 45 8 51
266 34 8 37
634 8 9 21
718 26 6 95
1119 1 9 8
1421 20 7 21
362 9 10 11
963 3 4 71
902 23 5 58
619 49 9 23
542 58 6 32
544 57 10 25
1212 3 1 40
856 9 3 57
